27755
6359
23592
21406
16147
6537
3138
17202
7399
814
27770
30018
23422
16046
14499
1682
29467
29337
20951
12180
15828
24916
23211
18836
19761
28914
19658
27677
6084
30854
16810
12921
22287
12849
19268
27189
27397
18596
14629
25527
4367
30054
10924
3277
8433
17517
23439
5419
23311
21728
24363
1092
9064
8837
19628
13506
15642
9758
1305
19263
15593
4467
14549
14969
3486
10207
20882
30950
28676
7140
9805
16023
17530
22928
12496
17178
4296
31032
927
30379
2557
21498
30007
5517
29340
26081
16380
26710
7938
30134
15976
21898
26044
10013
722
19290
7058
8126
10569
876
12055
11776
14317
15313
8061
27978
9940
24433
3297
16115
18117
12518
25032
20524
5702
22967
15484
5022
29092
19020
26050
11099
589
14867
29773
10549
27231
11663
3420
13063
13353
7584
4544
26134
28281
529
17346
3938
32437
23926
1300
26070
26818
17573
20509
11802
16540
28654
10492
20013
31057
16292
15868
5429
36
26803
17546
28195
19508
2012
8367
17485
12125
11022
18824
9295
27096
27463
8332
26627
18532
12606
24824
15615
17956
7177
19646
22883
11516
29580
29085
7675
800
24562
13179
21318
16899
26699
11083
31758
31687
536
32024
24590
22696
11109
10156
11794
18328
25612
1768
32405
8602
11608
8462
17265
24196
18542
22976
20975
22385
16381
2259
417
6561
16756
10151
21011
31538
19818
5607
10027
7221
32620
7632
17742
3939
20126
27585
29432
766
32674
26732
4577
141
19090
21408
11908
28104
29446
4639
27904
22990
7593
28304
22441
17417
11930
15952
32022
26234
28575
26552
5046
5096
30689
218
6075
13323
17926
20433
15901
26807
1003
22471
20949
7447
27650
11459
24845
18169
13769
19504
29204
345
32054
26748
25439
5332
7700
24599
1915
10698
4523
2632
5666
7289
1517
14800
17537
31516
32412
19679
26193
32618
10222
11743
9383
26035
19275
24634
7744
10060
10761
29227
30518
11097
4262
7490
31903
17929
10565
32713
26168
27486
28563
14844
1998
31828
5984
24283
6551
18804
24576
11650
25141
13437
6542
26166
1566
15695
5856
24602
23573
6443
32399
717
25081
8968
6032
28637
18792
1016
15877
25525
2682
4284
10302
1353
10049
18267
24299
15706
1056
637
2438
20903
12846
27930
18446
15997
8818
4045
32155
55
13437
2954
10544
20255
1518
22922
2420
15438
17089
8960
26177
26356
19655
10386
4619
17639
15267
24981
2160
10816
28644
27873
23511
11321
29165
5715
22671
8503
12626
13481
18976
5995
5812
10507
11951
373
15406
3357
10032
26705
8895
24697
25379
19071
24402
850
14754
22562
14788
1344
17562
26374
29298
7435
31548
10850
6019
19073
24307
15280
19357
18021
5054
8650
27197
25433
1010
3297
12808
24310
6463
4772
34
15887
25666
11223
14050
25863
19480
31528
302
8402
31025
14051
2214
2564
9418
19920
15053
4440
10989
16283
28129
31679
30861
29674
8624
23580
19420
32680
1274
22587
5443
5674
17067
7547
221
11817
12580
24689
14571
28808
5487
11281
12103
4791
19068
9266
31161
5784
31842
10690
14275
820
32295
14390
32125
10002
10707
4772
31313
5605
182
25230
28165
15346
13255
21065
20765
53
10751
16944
29767
2359
3500
15330
11267
4571
16731
23571
5592
18630
31607
28212
9299
19837
24516
17003
12644
21565
3543
8855
1721
7269
23006
12407
29936
18960
4530
20201
11979
11559
3303
17743
32391
30886
23550
12400
11526
6720
4381
3501
28336
4955
29747
17013
13041
5493
18983
25466
3845
17407
22476
5523
5332
1972
27990
20105
12313
25617
20542
14136
25526
31493
2813
533
26120
12390
14171
24043
4640
6241
13742
22865
28611
1278
22388
14517
259
6256
30726
29344
1921
25704
4478
31387
27982
14247
28783
13424
23834
29139
813
7896
4329
18649
15742
19002
12166
2707
30027
6744
15609
7292
18015
12679
11141
15949
23151
17566
8464
20414
28466
19741
18659
24814
11635
6308
14099
27294
26532
24389
20038
32763
28040
449
24334
4763
9428
27033
26609
5062
14110
6649
16055
67
17032
8136
13665
31833
19173
5209
28734
10556
12268
22770
4823
28506
5765
11344
14664
24954
8943
13785
30947
10629
1883
4898
20793
31753
22565
28410
29868
32200
893
5232
23865
30881
15367
30161
10245
462
15136
24773
18367
24127
13135
15650
3943
19489
19128
30817
22892
31838
4303
13103
40
20931
26276
14374
18820
9180
26569
21419
3727
2086
3560
6493
25702
32543
27528
19815
19837
23743
2097
32487
9392
11392
10723
8522
4050
9920
7020
1255
1890
19945
13636
7609
27406
8407
11113
12246
15730
13630
14597
5772
28491
25778
30917
22367
7847
2809
3438
25232
6617
11662
27911
4852
44
24808
19951
3565
17863
11019
30053
27579
27652
2824
15207
501
13029
32514
31151
29783
4851
19926
12381
23207
10342
19325
9635
2173
30350
7778
18751
20814
29519
28897
27768
21754
2074
29653
26127
29217
2828
29421
10528
32265
13886
18955
21203
20066
5541
5937
5180
31347
16351
19258
31311
29192
3489
29366
17700
21816
26623
15102
12263
4257
24305
10331
30592
13382
2541
21013
7334
29243
9925
21447
21371
18112
5848
25347
30325
12935
31266
20899
18133
26585
31464
8892
26044
8545
27416
32526
32268
20408
18423
21275
6177
23205
12629
17512
2224
24453
11254
20457
1223
16070
14655
755
10633
29870
27725
26286
18390
27704
31297
30219
2316
12572
23291
17071
7838
21376
5150
17511
18973
25050
15710
28784
28276
2643
32554
14875
25942
1920
30240
17569
20799
14315
22542
10435
13403
17933
6089
15990
21226
4652
2853
17711
4878
8719
8532
14618
4164
490
14551
26286
23437
12373
16786
22878
13014
9224
16443
29483
3709
15527
3098
4233
4786
3572
18053
27804
13488
18785
7539
27602
16324
1927
12917
19528
11567
28452
15238
25877
28192
9076
12762
25664
15081
6426
14499
28240
27631
21890
29003
30993
19835
20383
22220
3004
31106
25005
14807
27845
1854
13814
11552
6001
9053
11978
2296
27013
10540
2854
28088
22739
2616
2599
11128
3001
20588
851
27917
4214
13293
5778
28834
10585
18124
9516
9451
20073
155
26176
9229
23498
15070
24027
4770
1890
27545
13335
27536
15545
9204
31971
16184
31361
22468
4415
28728
8332
20111
14858
31610
12288
30362
7634
29800
158
4432
22097
28899
18233
2186
20193
12988
25548
2006
32743
9475
26889
20257
900
2158
9525
19778
13730
10184
19471
11745
8947
870
8599
22649
8765
30460
11052
23741
6154
30849
130
2931
14310
4007
11065
11832
30924
11945
27840
12700
11559
25582
21166
23948
4986
17652
31054
7437
20911
29841
5485
20637
708
13931
16189
29365
23886
12433
1770
32727
14804
11579
13963
31155
26976
22467
30694
18876
5662
12762
27657
20984
166
20075
32638
12291
8249
11233
24844
3401
26761
2055
17150
19961
6994
24644
11522
28810
30952
25676
15291
6128
9930
16124
12690
2791
24453
15120
13924
1047
5980
12471
20113
15566
3877
18354
11891
15452
17297
30368
2039
31175
2765
20205
18463
27746
7610
11165
31007
26638
5380
19632
26307
4642
8359
25158
6585
31716
14150
4564
532
10914
7851
2677
14749
10045
21705
1638
14778
1004
7465
2558
6799
13455
11185
2963
29873
8826
11258
21492
24507
9029
10064
9021
31753
26217
7477
7946
2551
22880
18887
24174
10935
274
26761
4890
17763
2306
4326
31494
23805
29832
3774
23790
18413
13729
30527
32211
17937
1641
1710
11361
17062
10111
1854
8865
6533
748
5352
2914
1101
1686
31066
12571
755
20901
13812
25297
7739
16249
17477
17284
10085
24255
20246
12025
29939
14082
27869
21433
21978
1902
32258
22126
3537
5451
2835
14428
8858
20370
7634
431
4705
13664
23131
3714
6670
16449
30522
14166
10811
7561
9994
7927
31791
3007
20134
4506
10061
20571
6958
27359
23141
15627
13679
14096
4017
13433
52
24675
16876
9705
27402
31736
122
21187
6445
27806
9484
19284
13493
4058
19857
2727
27010
23097
28812
5050
9536
16095
8901
26730
17679
29409
7630
19965
18843
24691
7706
23655
10728
27597
32487
29487
9054
10966
19829
29418
7064
14991
8502
31014
27019
9938
22077
18141
1024
11349
4176
6358
5196
10360
5485
25129
5539
11913
21903
12447
7766
15072
23831
7665
15311
5219
1399
31809
13858
5672
22774
3271
718
22328
23576
24320
6641
23478
14814
22299
15176
9562
14963
5391
18754
5004
31013
32710
21278
22887
1001
26509
32344
25737
3413
18585
20854
10955
30193
24119
32272
26437
27515
3029
26250
2281
1348
18671
21674
26371
2278
26101
25331
17205
31704
24891
27452
13890
25043
1530
2922
26625
17901
31309
25075
18106
6721
23799
29002
25839
7272
32030
21137
19702
24428
11616
32326
23238
15341
18475
5279
3393
16880
17
7044
13315
20280
31659
19515
29353
22787
154
9431
17097
15322
29476
22823
6734
9158
12089
24515
2218
23142
32403
3061
3537
5885
29869
14277
7329
4238
4910
23158
4601
4755
2479
25096
3110
5153
16273
32648
21039
5171
11329
24511
6584
10257
243
28310
15285
1130
27187
20429
14579
5892
7678
16832
9373
174
13319
22143
17819
32306
6410
25750
29079
4274
20869
1157
15539
8552
17749
3704
9826
1766
3447
4817
5141
30933
32218
2819
10972
31988
5546
3146
27159
3848
5170
1733
29258
28900
7968
3703
23477
18661
16595
2390
759
20691
1386
3792
6038
9643
226
6637
16944
29938
30777
27891
27726
7614
13245
30684
6585
30824
30914
4717
27233
12079
22923
15091
11752
23385
26231
7529
30174
30578
32310
4538
29826
5015
18581
18703
14233
8295
24513
6394
22603
10063
21261
13808
20935
31271
15968
4806
5016
29056
16214
21133
24087
22657
688
10526
29301
28480
26939
17965
18182
30434
10278
29507
18040
30596
3039
3741
32647
2314
30350
26972
13390
6589
263
1467
18240
20951
14178
13942
14321
16718
29398
24020
14878
10282
30220
10247
6219
26391
9054
2164
31627
390
13951
26882
4662
9213
27188
15278
7313
9651
14170
2831
4096
1699
20721
12731
28934
25907
2197
3936
26860
6556
30536
14020
15109
24863
16871
16636
3479
19420
2935
15558
302
9018
29510
12871
24419
25728
7450
19958
3029
26393
15325
21919
16271
30984
32244
10500
19761
26884
2743
31513
19462
16076
26023
29329
14068
23697
22599
8529
3187
32241
23084
15394
31691
24784
12423
7042
17
28856
27819
21244
16883
23385
17086
28027
17900
12673
18739
16116
12887
6389
7072
10398
14360
19822
12316
9508
25338
16041
31466
21561
28536
28774
23433
16224
28168
23122
24234
10180
15324
10002
15129
32396
11369
24837
14598
27698
31318
25392
5041
22383
19432
8496
53
18836
20987
20743
12889
6300
26643
18563
12657
12048
23493
7345
23853
20972
27868
26942
32541
24443
7449
23413
1972
19855
27535
10097
775
21359
12751
12538
10999
25099
24692
31481
30558
23553
88
5838
16752
17939
15998
25508
19749
25417
31204
29552
31260
32290
4388
21509
16816
12749
2904
24453
7418
2689
22705
57
10319
27247
20680
14848
30490
21818
4494
13611
12303
25972
12830
4200
21571
12173
3536
27071
13171
25826
21836
9679
16878
2548
8260
24931
15568
1476
6970
3287
4947
18415
10549
23243
22290
30487
15460
26589
32053
16410
3063
14594
22027
9996
5137
26767
2120
19802
29432
3382
26676
24434
27187
24998
6070
18201
15151
11806
22965
8070
13697
12423
29551
7403
5129
30356
29271
23261
27358
18842
20988
31492
17585
28775
7080
14409
20403
4872
31911
18823
16754
11881
4878
2384
457
15842
18072
19616
23405
23137
13075
13034
23866
14085
25360
25412
16434
9517
15041
24306
30603
32629
299
12140
29209
31047
25210
18309
1160
4116
12844
1399
19141
27879
17597
24721
32657
3113
26821
27495
17617
5823
28324
27577
16748
20499
4856
1517
8708
23707
26272
9719
5966
6715
13223
6611
32537
23655
10458
10909
11109
30844
8927
25252
2201
1744
30031
7401
14148
34
26805
28608
14996
2573
3960
12216
31860
18914
12769
13304
29745
20740
6966
7134
12901
15720
10680
7019
4678
19110
31408
14991
9028
32557
2696
29039
17167
12322
13885
6169
9978
29052
10884
30785
2359
11768
32213
17964
3357
28206
17222
26051
26519
4001
16074
20439
18035
13402
1789
28904
4356
20380
14561
19867
2683
20150
18263
11226
32451
28392
24458
4251
12854
2886
17166
29866
22379
22227
17675
5228
26872
4451
8785
30408
30779
31044
31113
19760
4989
1476
5155
11106
15981
5034
15104
11604
26816
6705
15441
3755
6056
17335
13587
31762
3808
7004
15991
9411
10007
2107
2977
11902
3521
32562
13400
11817
5352
3205
6470
29750
1878
17750
10576
32323
8327
3084
5830
12689
18073
27596
16795
11983
9760
14758
21084
7310
21286
2726
15433
31378
3258
7487
21141
14894
20664
6015
13778
30326
18532
20802
31731
4386
30261
17219
31885
11088
7390
18823
17758
23843
20005
2096
12975
11978
28584
12799
6474
27291
31462
15438
14764
28947
7754
4616
2124
14809
22332
20632
21102
25272
20303
26892
5678
14891
2876
20095
30175
12791
950
10964
28671
26764
16575
25432
22102
23307
23035
7733
14286
26533
8121
16047
4426
15987
6299
4546
28707
5403
22818
29278
1435
7296
20297
20783
28777
9947
8948
24910
28762
21146
1578
19527
305
25589
10620
17862
32291
12026
15966
5785
12666
27165
16964
15795
21271
9045
11306
4431
1189
28479
18537
7824
5535
3008
10689
18959
10546
21192
21732
20978
2777
15429
22817
4167
21391
28939
11482
8616
23214
32015
29923
4323
11716
13858
29934
14910
30005
4535
8499
20458
7380
19043
25409
24709
17468
29579
11151
21796
25842
29072
14958
19330
23517
13942
8886
3045
28337
15666
19121
11458
32761
16073
7197
23862
15852
3725
32064
12921
17047
30919
26728
4879
28465
406
9106
29294
14037
6771
79
29626
26357
6284
14438
28204
15019
12499
5843
12438
20338
26751
7117
21763
14471
20183
3445
12109
6324
3647
22253
32397
30450
18482
24520
25921
14304
32612
13579
8343
9290
7039
23157
23304
31297
29549
3256
15590
11164
10966
21658
20666
30341
5711
11701
29705
6737
29624
14970
9126
27114
13052
21657
13981
4273
26553
23727
8616
19546
19400
16065
1936
6152
21288
1126
21397
30775
7402
956
13499
30405
3154
3724
14817
2734
26067
11346
20337
15950
32018
10603
18242
32527
25008
29405
2949
27065
11437
8673
20680
4411
19843
1325
32574
27995
5718
5597
31304
4032
17263
19790
29504
6504
12655
214
30406
28106
7022
27119
29710
30036
6529
28627
10100
26221
6671
25390
4194
12042
20494
22716
17563
16367
8762
14426
20216
10517
9118
2147
19777
27141
7640
25275
26949
19669
21104
15595
621
415
3731
24608
24085
13644
17769
28841
29752
3102
2827
8998
10142
11627
26887
21611
27272
7024
25473
13497
29141
25189
25434
21705
26395
15518
14142
29982
16223
11810
27227
32477
4924
22143
20367
22357
12415
533
13014
8880
32050
28750
19815
16391
8235
32614
3592
16163
6327
6185
11628
13690
27338
3173
20988
12331
2072
1709
21322
19730
26740
12552
7031
23626
8226
12003
29523
30310
14572
6923
31899
14946
6151
4061
3767
20351
18849
3916
21784
7763
28488
1294
1739
2740
26479
17346
32745
12739
13302
6173
6738
32565
30546
18361
20551
5669
22442
30616
11501
32163
25632
8676
8633
3363
31563
5148
25872
12806
10393
21747
15924
31295
30757
26086
5689
31588
27979
26422
13638
11255
605
13496
17368
17253
23392
10750
4112
4984
27803
20649
12897
9274
5506
5136
25070
30875
9015
30394
27785
13077
17876
4574
7116
6283
22583
17140
17188
207
19581
14785
23787
32058
30520
32608
8410
29222
20623
32686
5932
217
20096
28270
1389
27534
21870
22368
725
32640
12870
7926
15023
16171
11811
9786
11372
29568
29520
14926
25495
12
11995
17919
6289
32104
26112
8147
23016
12646
17280
11552
18853
965
494
13242
12745
1611
18183
16565
15231
6956
30717
2759
13571
28802
7083
3344
12465
15555
23610
28456
21673
22482
22727
10114
23584
23207
3551
15372
28348
355
8185
6492
27223
9748
4326
7012
23344
16985
3307
14269
4366
14107
1659
1634
15560
72
12949
27428
17877
21430
21949
3511
30401
5981
27394
1991
21625
29058
11508
1175
3010
769
17799
23305
23078
31520
4982
12573
29039
17887
28367
30117
17579
27776
30899
15745
28524
7065
29867
7877
19294
9309
31911
22915
23686
2226
24455
16551
12570
8797
18138
16056
15669
516
25064
25354
15226
20450
8497
21252
11694
7235
6366
13121
4576
15532
27693
11399
4842
20158
21694
16138
11013
30662
10174
17367
2304
32165
27100
1092
18073
1987
8466
10900
1889
3770
21959
13976
15706
31558
16006
1132
2885
26056
22644
25645
22342
21216
10080
19331
13100
11086
17755
27127
4188
14027
21724
14625
23574
25574
18881
13871
19877
5795
10499
11641
6636
28298
20967
21313
780
10308
11772
7399
13481
20656
608
29604
12986
1824
20708
23150
789
1842
30239
32017
31778
8502
3226
829
20369
26903
4163
19354
32485
29624
17685
28477
13796
4170
2217
17943
6283
31166
14259
28070
24019
21403
30159
2425
6097
19189
16151
5036
5265
28989
31234
9000
13880
20560
15811
1545
23454
27380
17414
4111
1749
12050
29931
2082
29215
25524
21033
6810
30762
6210
21802
29196
30811
12576
21876
17024
31821
18641
11509
7958
107
8946
30208
11112
24145
6486
25102
13600
21100
13396
12776
9521
29480
26247
14866
1291
15470
25976
24739
29801
11584
17640
5186
3973
30643
11644
19498
28052
15481
14215
5482
27747
26858
29800
29613
26168
301
19034
24133
10911
27749
4688
31110
25024
17560
31098
18981
32148
11686
28478
23324
4938
2366
25425
3045
30859
9299
23510
20721
9775
5671
31145
1362
1416
24675
3439
12247
29340
32599
21768
9175
9634
23978
18161
11607
26884
9929
5789
22200
23000
2072
239
26465
7471
9573
3081
11780
3549
22195
10440
5767
2444
21937
31092
27548
2211
15594
25127
32659
8715
16462
16626
25243
26600
17624
21530
7348
1076
6504
14321
15597
11144
8159
2302
6111
16663
26930
29776
20928
17620
30440
5062
11642
13591
9829
13494
22959
6686
23156
8398
23455
19963
14300
32060
32600
245
22474
18513
23115
8734
27483
17651
26391
19887
7281
24051
12894
16838
21509
10055
17262
10155
29300
11499
14486
13391
13511
11287
19268
32190
18347
11799
6774
22106
13090
6328
27447
699
29473
1903
9690
10738
26162
1902
27455
3408
12316
3540
29129
18143
5627
5386
22630
4912
17471
8774
18216
20063
30166
24479
31937
8290
11082
11222
6887
22144
873
31020
24732
9451
29380
12436
31470
8588
7482
31805
4110
10965
15186
4687
15401
22267
14519
8274
32364
2426
24010
12077
25200
13328
13745
31617
31869
9708
19603
32490
23565
24947
26680
21722
25336
5055
5463
2567
3710
30375
28488
5443
2340
8734
27850
20897
10519
15616
2600
27709
21866
9516
1647
30071
30631
2468
5721
25856
29236
28833
5110
11563
28587
18571
18509
14584
14527
6514
13701
22979
11384
4111
25510
24924
1786
8877
3480
30550
14252
15694
1606
25396
2372
32375
14330
6923
3112
14704
6709
6835
26004
24362
29355
26718
2038
13416
11654
15049
31428
25594
24461
19502
30223
29341
18039
27763
8450
14856
6737
21511
17104
7056
11398
12199
10649
8661
19753
20550
19128
30859
29439
21798
28531
29726
5948
5937
16962
2153
16996
29232
12248
7693
4294
16027
21069
24421
29388
21103
10574
16681
8535
24388
5520
16847
9267
12160
8406
20350
4062
29940
31887
12701
18875
9527
18173
3335
30668
208
1196
28823
19858
27185
23418
17696
26247
22882
21220
6005
9128
32547
4446
28643
16111
19835
24634
14519
8923
29813
16748
18882
26295
31285
15619
20514
8653
22292
30803
7900
5401
7247
2383
15906
11207
8431
18982
11286
24096
10975
20541
26351
26690
23860
972
30107
17435
1127
16338
6638
3741
26213
10278
26578
4126
13426
12810
27747
1457
23822
30586
29477
11350
27537
7675
24857
22085
19
6458
18259
16658
4477
13930
6824
4460
739
15617
12927
19965
12530
7010
17084
31661
10728
19652
2696
85
24703
24196
15352
16470
21808
17502
13377
14275
27025
26280
24358
21786
8482
30875
7434
4215
9723
9164
18622
15570
7673
21942
16585
2492
20242
10611
17274
11427
6174
29699
31673
17809
28921
28713
8055
23937
23888
26086
27544
28631
5597
2746
15506
15229
16558
32685
16379
2919
15783
13562
16870
27907
31165
31999
24322
8556
24754
24912
2153
12175
3709
23708
4914
30767
2794
12579
11435
18736
6426
4215
30587
18305
28850
27962
8013
724
25859
17486
1218
24542
4186
2607
14384
4525
12596
30144
15417
17755
28120
1557
28346
5908
23684
28591
26086
3401
20352
30586
31011
30879
11803
31523
23156
1636
10728
26479
24567
31846
15697
17532
12485
28749
23696
2744
28437
21117
6815
30490
2867
28411
13360
19988
5252
1202
23066
5695
4740
20394
12586
15677
28742
8959
19478
21060
30211
32753
21706
21872
17020
25538
26408
11389
21278
4481
13427
7151
10215
26747
8405
5235
13706
9556
19431
20296
11158
17305
31032
1669
2337
25474
5078
20089
31471
27994
23428
21840
2543
18457
1080
32028
19060
9795
4559
21095
27408
9392
13830
28082
26210
16724
10514
28155
9551
804
22270
17744
6110
30403
7999
531
20758
11134
1087
20713
10117
11097
27061
3004
2737
29466
19476
20212
2630
312
8578
2319
18619
7147
29416
27983
1286
2226
27235
3658
20777
3887
22441
18666
11394
18073
32091
31960
28186
1924
8577
11176
25365
3653
3647
27308
19611
29825
18289
20197
13028
12672
19953
7009
15403
11187
2218
25303
6381
2236
7710
24366
21059
25775
21590
6605
30720
23322
7319
922
11327
5903
26838
19360
11595
8952
25818
15635
13298
28712
4207
8817
12529
21894
24042
27167
11811
2505
31569
11347
4026
116
21608
32284
5400
5430
17108
9454
5956
6544
29830
5716
506
18278
4318
27605
10085
27248
6225
9945
6400
31276
32114
27949
24164
5384
19310
22233
25384
28043
22326
18069
32453
20302
3330
244
15069
4858
2967
27088
3906
21439
9765
998
5895
19898
131
10724
28511
31720
23435
5159
3716
1652
17968
6729
21950
13397
23249
25156
26168
7791
17582
14966
19204
29895
16482
935
1453
13937
15045
29752
3096
6306
21341
7183
20773
112
20465
29401
8842
7016
31944
15143
15973
511
15932
4984
23209
8593
15724
805
5758
23655
256
24894
11773
27493
25943
18815
20720
26699
16562
4668
23564
20243
543
19480
24701
19819
26160
4553
22862
19431
26136
19251
13661
28482
22731
32471
995
19118
28558
27930
19009
11311
18953
10457
30741
27396
23594
28740
1858
6676
7107
11071
28631
12828
30253
16222
21067
23250
19025
3359
30807
22648
28135
29
8140
15259
27166
28071
8261
5244
31280
31500
1266
16107
26907
7004
27964
8532
16236
19804
28250
22669
14169
15462
1342
14194
11184
18696
21155
30849
31693
4093
19756
12581
13015
22637
30412
1903
16878
6565
21626
18435
25256
10192
32420
235
29094
1995
11516
29028
26814
5622
306
7684
6619
12607
22213
8786
22578
26390
25052
17924
13826
31539
23284
21013
26238
31444
9147
930
8367
20288
31015
11368
5300
29386
27258
32398
18572
27624
27008
22246
15043
3172
12667
16425
22707
22609
15890
8269
13318
30751
25015
22128
4674
12541
13086
6497
27148
18310
28199
22307
28951
11819
11962
19453
20941
5800
30600
16574
31999
32271
17627
8310
17643
9095
12138
1834
22388
5505
1085
23957
29142
17050
8872
23944
6168
27549
20151
30763
20510
31108
30557
11611
13743
12908
20750
3604
25489
31382
18078
20360
7825
19452
8289
24911
4761
50
29651
20755
19392
15165
14753
5824
12271
31079
26797
22466
2781
24253
19796
29909
3052
28662
14493
1232
8145
22514
28087
3057
6956
4878
7708
28507
19842
19232
12428
17233
13086
10138
8862
29083
10371
13207
12060
31257
13026
14158
29248
32372
8004
15051
28313
11927
20785
27894
8691
30382
8928
9687
20381
1909
5482
8263
7012
24704
2072
2489
21532
13038
18713
17309
2276
25680
22238
3496
9898
5073
32436
5796
3515
1080
197
2923
17208
19270
27606
22752
4607
10318
10708
7635
14532
24539
12309
19117
10482
22099
8198
10090
17865
13723
3030
13573
28556
30071
23121
3294
32348
25621
19814
31170
17471
1965
3149
17543
9861
8000
12756
5616
26250
11259
5869
10227
83
32301
27218
27150
27091
22683
18541
5483
18977
19651
14190
17972
839
10945
27127
5939
5684
21931
24035
28044
5797
21486
22118
26364
14937
23661
12190
17727
26812
16893
27992
20262
28007
5606
13896
24680
27988
25694
4342
15904
11291
9580
23049
7199
22348
28262
32070
6929
6710
28093
7337
12447
10571
32212
31065
24004
32763
18490
30838
8756
11946
23368
24280
26921
13162
1699
26595
28408
24775
26081
16460
23704
7717
18344
5838
25054
13948
14172
9280
9115
15877
25772
24666
25515
32586
3150
5386
28228
16000
21029
4636
10877
8925
28099
22445
11007
21765
26380
22363
11558
11481
1333
25303
9000
10883
15625
15687
8576
26143
2573
25168
29897
26070
17910
10097
5367
7554
25206
29138
5150
26478
30452
8525
20969
20239
32434
1400
5805
23989
8634
19406
27385
2309
15832
25441
6059
23849
19130
1930
12829
9914
11220
9806
23906
20053
24265
29834
6253
9163
31372
9604
15097
24038
11778
7103
18029
17640
1514
29318
30597
28227
31670
571
30627
4183
22303
27806
7222
13934
31878
27187
19627
29131
26598
26832
22120
986
7247
15424
10272
20586
2463
10685
20906
37
9328
17314
28594
9131
18680
14696
30972
3594
26835
3799
21727
6010
26037
29260
29173
5806
1177
26984
23005
18060
5248
30038
4669
2324
12219
8429
10596
26072
30478
18295
2381
13135
11845
16193
22237
19389
8099
2628
8842
20494
26600
17834
12665
2130
21866
17527
25055
181
10823
19423
19128
9001
29836
12532
7315
13886
11868
19671
15050
12213
5196
7240
28792
2377
7587
23506
26574
1994
2943
27547
14535
13598
21828
28403
19483
9666
5165
11600
32165
24735
8354
28524
10041
4732
17333
10036
32190
18261
18285
19338
30937
32374
9165
5628
31437
22732
26389
19317
11863
2849
17876
1151
23391
28937
17843
6931
9674
4878
15370
18395
10307
24890
26230
30527
28091
12872
8211
27454
14452
30846
17590
3110
12248
11731
2031
24225
20665
20731
6235
10304
12084
11524
2143
19693
28175
7620
19206
2329
28061
6454
10624
13426
11053
9397
4116
4555
11362
5024
29576
29543
11031
12238
4940
30172
24923
19660
2697
18727
12034
14578
6726
29028
909
8334
25014
5592
19204
31180
20934
12020
11146
3996
21745
21251
29019
4808
13021
31068
14070
31810
28357
26001
19579
11262
18037
24837
14218
1239
29632
17691
1524
3451
3606
23854
12521
17256
27199
3797
26245
12297
18976
12136
27843
9506
24318
4026
14676
19195
23652
18592
16150
23296
6539
1547
18804
5400
3978
11814
25702
30434
2402
16598
21846
8087
11261
3162
9935
26674
13529
11108
14527
14540
29269
12118
26322
2495
3482
717
4123
27915
10498
20638
18688
17677
32217
28079
1309
19922
11536
6687
30238
22030
24798
7622
26335
17574
4324
28070
14946
3581
3778
31118
31023
8110
4864
9101
408
10466
13654
11870
17419
17541
3827
10280
25980
16028
1722
12478
7686
23682
3203
2661
6531
3035
3538
28271
23381
15358
10978
27811
28779
6037
18438
8162
15855
9133
14110
9548
8571
19956
21044
3814
10246
23487
25985
8069
23288
1511
11064
3152
30007
4810
12361
11392
15077
16667
25911
8673
17577
17281
25597
12250
16729
15532
28037
19940
21590
6762
18683
29419
12317
20135
18601
606
31559
32753
10505
11795
6230
28144
19612
21241
27349
22401
3321
23001
23200
24509
11538
3903
10518
1526
4266
12387
16769
32534
32592
6304
24560
5642
9094
13694
3864
32174
22776
2088
2765
9086
20024
26948
32673
22426
24634
4802
10011
792
8442
839
14381
14229
9586
2793
24584
25775
8313
31592
7456
18343
23999
20815
21552
20915
30373
26242
30057
326
12716
17717
15831
5847
1317
23041
13778
32052
26702
28136
22404
21540
17001
4448
24006
104
23223
17806
7017
4077
9202
28206
9118
6583
22319
25491
1502
16825
30818
9304
9443
19220
15312
2117
30783
4181
22748
2911
7759
2618
1828
21356
6213
3670
23932
9661
21303
31525
19412
27496
31449
17589
22342
22210
24690
1617
24633
24440
18703
1037
12152
11241
23873
24572
13731
3580
15531
15736
4438
17642
4440
10619
2703
25781
16731
24804
19803
17005
5060
13298
1296
26080
23911
18875
12757
17567
15140
18075
9019
8696
16404
8679
30358
1346
16899
29132
12084
4996
20954
29881
15141
3596
24939
16493
22156
906
25620
32140
2429
7633
1899
7196
9786
12274
30722
22046
26236
27869
21777
30519
18651
18862
19115
16818
6755
25075
22855
24865
16857
8222
16604
15408
1821
16520
14861
17011
9141
17232
25706
10032
21284
31367
17171
9394
15758
19803
21099
9396
13120
27772
31379
20712
22622
4699
5981
25192
17884
9078
15011
15694
27307
3923
20058
13925
16493
18741
24036
21384
16809
26579
338
23132
26698
4793
28619
32470
5348
10749
18266
28717
16482
29042
2686
25801
18864
26145
2404
2047
30386
21248
23632
2823
6329
14423
27937
14483
20134
32106
18269
21932
16216
16697
7887
14214
30660
8159
6270
2493
23686
4567
26799
30713
10418
31658
28504
1782
6288
21995
14605
17407
8374
5527
30712
26435
1617
15919
15939
12082
15602
17644
25125
9621
31568
31623
1597
7337
8852
13955
28895
21938
22958
14414
7389
6456
21570
22393
1393
16221
31623
27102
11037
1266
12171
32085
6005
16095
11430
29815
18468
21182
27871
25095
15794
1261
26308
21283
24320
32674
263
7665
22723
28325
17948
28733
15126
17417
12403
21229
1528
5750
22824
29956
25006
30135
19670
2474
742
25715
30664
1274
24640
8443
18002
15526
18508
32571
32762
12283
6569
19530
6448
20149
1731
5036
5245
11851
16540
19092
26287
3627
23559
24182
12191
1970
27894
18749
18879
19726
21702
19939
29504
11572
27393
9139
25291
13234
9363
17148
20684
5643
19669
21027
478
11055
13685
9296
2071
20369
24805
24685
15476
28093
8839
26105
29588
8881
14574
15588
11471
26463
5298
17419
12454
6433
20898
30347
19128
7079
9761
20702
18278
13069
22971
3113
23788
13262
16538
20968
29222
21273
5987
4238
25146
3693
15936
6764
13258
10657
8511
14185
22209
7470
26641
28730
7343
12512
26153
16812
9593
22678
28203
25839
12371
15560
3319
13123
9477
4553
13817
8363
19592
32681
23476
5855
14093
14168
8065
31621
24682
1209
14168
32337
32326
25995
16364
10519
21300
11513
10695
23926
350
27614
18597
20103
10537
25338
11325
23504
18510
12374
7310
20243
8210
5890
2822
28437
30817
11854
6245
20036
23667
3310
32063
28196
2118
19442
12218
986
7361
164
18279
23840
5131
24999
18771
3143
18729
15294
17401
13728
11457
27298
24105
27075
15742
17748
9274
30415
18869
16607
32273
7255
19011
10053
20527
17861
9171
31015
7709
8161
5389
11571
30573
7803
18461
3393
26165
10687
29677
27341
14966
12567
27718
6320
20375
18383
32130
32490
18610
19097
9011
33
7960
2679
10216
2978
25754
19494
32531
18390
21361
12056
805
11786
12650
24750
28587
17900
5790
7509
26234
22361
8359
18684
21661
15307
8779
31560
20006
24208
32069
30253
2053
5902
16892
5269
23352
15432
13012
9300
2116
10920
12922
10041
5815
28885
15465
13212
29510
121
6964
3636
32028
18124
10405
30648
964
25192
9979
24781
22271
1549
26739
30205
16675
3242
28538
19599
21807
5320
27432
5256
3568
7444
10032
28095
15380
21160
18859
8059
30847
3338
8348
27317
11671
12756
26592
9797
11275
2296
2498
19735
24024
19476
24312
27634
3808
7956
29092
27845
8957
7506
2829
1307
23991
7250
30267
9956
24783
15471
18471
13466
27333
17018
29692
19947
14396
7194
5406
8438
8593
21621
32738
27241
9797
1834
5377
8006
22640
18716
23158
970
27299
7062
6465
5779
4362
14383
20633
5359
25421
23701
27886
12896
27560
3198
12078
10927
1428
14966
7138
9839
24334
18365
22268
29676
4449
8592
9727
9059
28065
3469
10208
27428
10323
30977
26341
21306
6660
9888
1401
24340
20503
20911
17384
19261
11326
20736
23718
10899
21524
6437
28744
13497
61
10090
9886
24644
6176
31916
11522
7260
30592
32203
21562
18253
14867
14338
18560
30407
4666
7984
6330
393
21662
24407
29043
20250
26558
32250
24425
9878
18911
429
3044
23987
6639
8206
8765
21926
9366
6613
4785
18968
30084
20735
17511
28019
16281
30997
27673
5298
14026
13049
1609
20113
15765
6279
29814
9024
29456
14424
14201
28221
2798
13306
7020
20661
22146
1972
27098
32558
20475
4521
4249
22033
3630
6250
26662
7199
19444
10767
16516
14987
4869
11911
16078
30009
31788
16215
8177
5267
31397
6631
4033
23275
3696
26226
28668
16901
27780
24504
26360
9196
29441
31535
2465
22573
10258
18215
1053
9419
7724
5167
9281
10867
628
10697
25946
3658
23090
15005
16032
4430
12303
11287
9002
21503
14236
1768
2195
31370
8209
30060
9234
7380
20177
1340
25361
10093
6589
30177
18197
22670
22873
28325
9358
611
15117
1486
11137
19986
9412
19720
21739
12308
11830
2237
13632
2708
10655
15624
25794
6165
8019
12350
28071
715
25957
773
20966
29342
27409
19017
9776
7732
28069
10825
9733
17621
14484
12362
19635
2046
20399
29796
22017
31351
18779
2446
22937
1821
13628
11959
2265
32726
18005
3234
5810
8512
751
14521
2255
29659
23972
25431
4014
2884
11416
23753
9738
5911
3177
26330
32
23873
777
21731
7480
23750
30812
2603
17545
8330
17915
3852
24820
27873
18760
6991
1135
9987
19021
12572
24336
13301
18851
6324
21328
18812
7824
15051
30572
26781
8204
5995
11347
9854
19477
1873
6076
29445
21958
24646
17229
7552
29487
5615
12803
29380
16476
2463
10248
11268
21394
12763
14040
20294
3255
22518
32367
26516
14732
19731
8362
3273
32270
1264
11583
12623
20363
23040
14592
25046
21579
14030
15868
32756
29517
20599
14363
2373
16396
26925
13923
17798
3980
26404
2571
983
7906
14276
17887
22735
7135
22544
14160
27579
30074
23713
21875
28937
14736
16374
12489
4715
15113
21361
10550
20797
14589
6307
11341
4720
8993
31527
22934
3074
29191
26990
29811
16300
26277
26251
19322
15207
1056
1487
4003
15386
26778
31973
13521
14454
23123
552
13409
388
15251
19910
11364
2470
5198
9773
21646
28781
1515
17344
29881
16590
18394
15341
23424
18919
25397
17871
11229
22589
8957
11475
924
9800
23556
12863
31914
15086
7353
20379
24260
8392
11821
6585
434
2881
4553
9684
7815
15262
1195
12291
9358
7987
24616
25934
31324
24969
5945
18560
20142
14803
28019
9293
26355
3628
28275
19214
6498
5813
29753
414
22269
8036
7147
25591
11150
13485
25574
15542
2109
4473
15382
24789
30952
25418
13196
18326
26814
19456
18096
27931
5442
14675
32547
32632
22559
2994
29603
26200
9808
23794
20772
17113
13705
25258
17774
20278
30348
2132
17267
16842
22859
22196
31159
27880
30060
3156
4864
3783
23198
19617
25062
31665
20703
3678
17556
25626
28519
31361
15515
4761
13646
8165
9632
15397
19173
11552
6587
23218
5509
20544
21782
13908
18442
9999
29744
3555
28358
3443
8139
24483
28536
24722
13700
30508
6145
32220
6043
187
13276
13829
10287
21490
18622
16564
6755
4963
22699
20141
17121
23455
15915
32142
32531
24376
24375
6427
30103
4817
29277
25450
18838
9783
32373
15298
25841
17899
24566
4353
23180
11641
28715
16388
25089
18730
26808
10310
19225
26977
541
18519
1162
4865
19387
4085
13254
10883
6190
6668
17757
1948
18738
8506
4619
11883
7595
31343
4010
29563
18159
32154
9103
7109
21059
27977
29845
2400
14709
16989
32373
29694
13084
30795
5162
31332
17806
3627
19316
14591
28901
22731
7121
29243
7306
25731
22199
6342
5169
13736
21200
28340
562
11731
12474
2935
20807
10639
162
18071
2379
13167
22753
7549
14677
12669
10681
28901
28430
3884
6498
29083
13304
5555
18742
6901
2118
15002
21775
31731
7831
19908
1984
3374
30643
3020
11522
2449
17949
11080
9792
29793
7120
31092
16420
32282
32209
21114
18429
17435
41
5669
23031
26658
15243
19123
15828
25431
7564
3183
31080
9087
30370
14790
12538
218
5912
20218
7421
15186
3687
11177
2071
8157
30392
27128
18121
15777
14198
17434
11965
5773
12093
3499
24328
7792
27452
22561
1864
2053
1642
22047
18232
17496
5941
18483
5634
30524
11555
23819
3440
16887
26496
5307
693
20894
30231
29818
8309
28315
7176
200
32018
10928
7048
11292
28603
29932
16754
14139
15421
30580
29065
1040
23138
28624
26114
19341
9983
16943
23230
29841
7076
18307
1357
14153
8167
3276
17914
12362
23908
29452
10327
9605
29627
13159
14607
13630
2502
10745
16386
388
16696
22659
13998
3612
25207
29959
23264
19731
7472
16712
7785
5481
12669
14746
11840
30971
11376
31480
24045
30214
4545
12521
9468
13830
21268
31863
27282
14598
25117
25063
3150
30243
10331
10843
21664
28525
3209
2854
30068
14049
28316
25416
12066
29309
29715
7187
12413
27103
26500
3590
19475
9466
12578
20818
29621
1900
24261
31280
3550
31981
17614
18477
8071
56
32555
31758
6139
2233
25504
21920
5109
15664
23264
24885
3661
8390
13253
19616
19626
20589
10164
21192
30666
9345
20269
12543
24520
18059
28192
11853
22303
15651
23719
32760
10897
8550
19346
2933
24241
16591
27715
10315
816
31924
17792
31740
26471
15546
27012
31447
23837
20389
1397
21648
21459
20323
31332
17305
11434
21230
5250
30157
9351
12656
24527
7746
8674
2667
9594
3715
30620
9498
29166
30590
10851
31238
20104
23015
24390
10569
11123
11627
27422
5862
25578
13670
21712
12442
2340
18329
15328
12008
5713
16238
21504
2195
2278
27680
17028
1030
13689
15555
23747
3591
5068
19834
6268
7630
27576
7273
27939
19501
21470
12425
32285
21614
12429
5157
17229
10644
14954
6950
1259
5639
21193
9293
29614
14085
19140
6388
17656
8940
21525
21880
26861
14850
32620
15060
21791
32243
28636
32035
8847
23518
32522
10338
14880
17219
32677
12960
25531
14004
6370
21451
27435
23572
12582
24986
24354
27163
12701
18250
32644
21483
9461
21223
27549
15823
27656
17016
27932
29069
24942
13120
16883
15352
11904
977
8133
16993
3712
30773
7692
10494
30844
13896
14641
22147
28121
26688
25528
31728
22407
28351
15814
6354
9508
29668
7930
27687
1578
19010
18549
31765
25170
13790
4122
13276
20227
21483
32315
1785
30048
11863
23804
21363
11232
12172
18305
27738
7943
14046
13036
21131
22567
31379
27323
11139
12510
26443
29815
21520
31002
18150
23016
13504
21390
19922
7166
21909
21381
26719
28517
31101
3813
88
7926
24739
6462
24081
20802
26421
29721
20530
3008
3045
7417
8547
1251
2243
25579
31687
19229
30160
20288
1838
246
12841
14985
3471
20850
7813
20576
21404
10293
28563
14596
23999
17871
6858
733
8108
1135
19954
26104
32261
5900
13258
13896
19071
23858
14055
2562
8767
1648
9354
29342
31766
4728
17090
25703
16595
295
16088
3001
10793
30807
16603
32335
11830
990
355
2791
27095
22782
13978
16523
9284
10390
10305
26811
29792
22972
19163
604
31582
4037
28752
14827
30687
30508
29323
17115
19340
5243
6502
691
30227
24131
6043
29072
17315
9524
31949
31508
28486
3568
5169
18546
20912
7952
12
13355
31464
13479
24338
17327
6424
1767
14007
11370
31511
10546
6782
31113
14548
29812
28773
350
29831
19857
32338
19467
6663
29365
25867
29604
12188
14647
22184
15400
32339
7121
13955
32517
20997
20506
28606
18439
32622
5356
21218
3415
1054
30536
19115
23669
12114
16942
32585
5516
7473
3109
1851
18120
10191
4773
5941
19311
29735
25595
10941
1058
4069
13842
28271
19990
4735
31649
3868
3181
29062
16113
20346
4832
27346
12538
1595
13330
15138
23561
29187
23081
30266
29093
12823
9623
27871
9814
30619
1670
18598
10665
18915
22958
21804
20264
23593
3947
29626
18691
4348
4284
14167
14657
1130
28627
2510
13540
1365
6213
24593
12928
4975
31997
1365
17186
32421
7702
28628
689
28421
15385
8287
31774
16820
10090
21465
26697
17183
15929
10655
14673
1476
13225
18679
28704
31326
19018
18409
6308
26168
28499
27543
11824
3439
7
23865
23214
24647
27280
19366
11117
661
7080
28286
5183
28627
7644
26205
8526
11968
24596
31373
32278
27791
18210
2498
22970
31157
26211
5069
5546
2208
21744
2863
16208
16041
23733
145
27419
27025
19213
18412
5969
28221
28743
23321
18973
25727
28532
14158
5174
3897
8673
22898
22066
2634
14640
11965
13546
536
32535
16732
11378
1730
16933
2907
5836
23672
27977
911
14144
32533
28812
10662
4163
21930
9451
31441
22291
16907
28378
22624
8643
2620
5960
7519
31870
29607
323
22128
24865
25217
16854
32631
30250
26224
25971
5081
6153
691
13866
13591
3228
24926
5743
272
26567
15263
27342
10167
859
30079
1143
24558
15362
23377
21509
10265
4087
12945
2293
5064
18045
29201
23713
292
5466
22513
14499
2941
15949
13311
22749
6334
4415
21474
18887
18403
2484
3624
29342
7293
28364
10856
9226
12960
15166
6427
21290
27883
16927
8679
943
25104
9821
9203
25154
27029
22963
12753
19113
9328
21864
11566
23497
767
24225
9213
22321
28804
27334
3769
16720
7898
7149
6538
19221
30059
445
8778
11298
30849
3863
16070
16927
10364
7603
3050
20679
18403
10797
29753
27590
12012
16895
29272
7628
26060
28044
8728
28493
24006
8463
30141
32364
32699
20736
24200
29057
23137
12320
17863
16157
17689
29671
26757
4696
24553
21243
26540
1780
12852
4588
22738
21651
3251
30114
30093
13434
17780
18537
8000
13233
14322
31463
1864
17297
30124
11941
21737
6719
8325
5905
3794
2849
19650
444
32488
27024
7480
31823
24572
17531
27577
25128
12515
2689
13721
3325
23097
28140
8586
3076
29836
11664
23094
6178
29956
3856
27673
1068
27649
14550
2419
4948
31729
7790
23436
31473
2435
31356
5889
30108
27951
19984
11116
22695
23002
80
10849
32110
32628
18259
16716
32627
31049
10545
2434
23799
5103
16279
26528
18274
8811
14054
19508
5743
24102
10624
11583
16429
25354
21027
8911
18446
7597
20228
16892
14339
22218
5995
3169
14062
19171
8055
23117
2332
12132
2538
2756
30780
20811
14353
5043
21517
12049
17660
7977
22548
9418
26054
14702
31063
28526
22640
23111
4354
11443
20897
10262
30762
15533
6406
29493
10853
185
1736
20918
12531
22037
12212
30372
10086
22751
21387
23692
28461
4888
19753
31370
13962
14467
8676
5915
6445
26661
27580
1807
2631
25735
24060
32177
473
31690
17721
14216
18924
13105
28593
1838
29440
17837
27943
9011
1887
8557
3547
11542
32703
28209
23838
6051
28647
15778
2882
13269
7836
11220
9271
19818
30490
29938
20432
28832
7820
6663
20952
18374
16883
29351
15892
16447
4073
4948
7190
29188
26974
21865
32003
22948
21332
14312
3304
25244
6741
29066
10412
24726
15402
5440
18643
5509
24988
26869
26144
18606
21041
4540
32160
12708
2338
7489
21324
15790
27763
7265
20226
18134
7675
19811
13269
31283
11090
9709
1587
14408
13241
22704
6030
27924
30168
16036
10940
13691
9936
10320
16024
28103
11306
6906
12318
15089
17678
14503
4098
2371
12147
25850
3549
14476
1022
14935
23121
12308
9088
26141
7848
21433
16733
19141
27302
14596
29060
18847
27392
30847
30856
13538
2670
28530
18953
9144
6606
20499
16845
1418
17949
7904
2353
32168
12345
3075
15486
9521
18500
28805
14949
16422
14124
17597
22373
16550
559
31433
9486
17313
12784
16389
17183
16464
31984
4971
23151
26922
24799
3445
13943
31171
6572
30961
11140
30323
889
32399
3898
11800
26283
9185
10445
17801
18757
4013
25283
411
2965
5081
10992
4559
22793
4678
13640
17057
29726
6079
4388
3956
16994
22846
11217
10469
25458
29259
8120
27706
4201
28122
7904
17519
4144
28688
21714
10716
17591
25663
30750
1495
6987
26966
3947
25665
7614
10475
6447
29750
1985
17186
5433
23009
31156
20285
27609
5003
16300
17819
26752
15785
21017
29541
32453
20898
6227
9864
24206
29413
19941
9814
27440
12353
10761
14411
28239
8637
14853
24003
15809
24007
20606
11981
21472
17704
21903
24707
26069
14392
28599
25231
15336
8791
6786
25340
7238
20986
31225
29199
27701
18850
20524
1702
7785
1702
1500
27852
22707
2855
25054
23306
32221
26549
16521
3129
5547
10378
6371
5299
5588
12720
10683
24636
3569
27841
1068
5606
24541
24747
9026
29244
25158
8592
3917
9433
20248
12685
15393
10377
17015
8690
11265
5985
31578
30273
17132
16766
14823
9184
21011
6075
2100
10548
18975
16280
12813
5166
31664
27540
17604
24511
29992
18952
22281
16714
1986
22317
27601
3207
5374
22714
18317
12266
17820
7438
7116
6809
19816
826
22105
8018
29551
32334
24783
29313
30186
30847
3246
1071
18722
22963
4123
6723
13434
20698
6641
17088
30311
8608
9103
10831
21319
31255
9836
4069
6670
9076
11521
17528
19572
23116
14659
24780
9451
32748
4207
27403
19849
6719
9789
28389
11644
19767
3352
20107
15568
3462
31879
8635
12984
27664
5270
2289
15973
2656
21898
1148
28114
10728
28000
16572
6561
11699
25533
12159
24832
1087
31223
23832
1466
10101
30110
31193
16004
21645
1667
6999
5131
3306
25204
13126
15080
31272
27708
31018
25058
29156
18971
19546
14340
3872
6897
18415
20293
24597
13620
8502
935
19780
17448
10598
10454
31829
19682
18643
11371
14855
14629
20400
18394
20027
15027
18028
1450
2151
17391
11499
8707
2394
2975
6720
4769
16978
11876
15231
19101
14271
26105
20505
6638
29631
2884
24069
8952
27570
4696
22983
12253
32577
6495
25926
22862
19914
11525
20864
19544
17601
25391
17331
21422
631
31574
19767
3989
7273
21073
30603
27326
30775
6816
15248
27977
29895
23695
25949
31301
28756
19766
18775
10433
20327
7251
10692
13005
20569
6122
10060
32284
2997
12897
32408
26852
2858
3743
268
27994
21283
20184
31139
28581
16402
26927
4835
31237
6006
26446
19941
13353
1929
23935
22944
20567
16337
15706
25768
751
8009
2009
18835
22525
24589
10186
17403
20169
1001
18847
9688
2505
30522
4782
7560
28718
27460
24770
1134
22355
9030
89
31434
29598
8122
32176
22220
8592
5167
13207
14360
27783
5809
17162
26696
1698
7683
28699
5007
18326
21231
528
799
1278
26978
23146
27262
3636
13294
27100
2070
3445
6020
2992
25366
31098
16258
5941
19127
15182
8405
757
16562
29868
21115
14349
28679
1147
20033
5803
15203
2101
3482
9705
8592
10068
2955
1833
21361
11769
27322
27437
5130
19293
28084
28754
19862
13812
19992
12354
26208
11645
7771
4489
20392
9869
3959
25924
22586
23686
4454
17911
6689
4454
31137
28539
7000
14904
24344
12346
20965
5049
1672
20376
4038
12850
5461
2494
16895
28345
19404
17251
12352
25560
3707
20293
15842
19138
4527
8335
13021
1536
5675
6512
3695
8208
13910
31216
15252
3933
12743
2197
29493
20801
11680
32225
22184
13879
3256
7646
2924
7058
14148
22881
28970
470
6598
12440
913
10181
1774
31387
32470
15651
23827
8049
22504
29294
11555
1716
16335
20627
4924
29026
3139
4231
17971
16020
8576
31080
23170
6322
24970
22805
12673
3447
821
13223
11346
27466
31922
9629
28834
13775
20320
16692
32072
5619
13733
30794
32
26404
5575
23989
21182
19814
27804
11887
8235
7551
1013
29476
28758
21221
25056
27074
21163
28772
18150
10248
13393
18842
10984
26328
4215
12948
16348
1993
15048
10320
9842
4563
15687
14723
710
14722
17335
13389
22452
9834
1741
8429
22565
2656
11091
1069
21289
26570
1412
18534
24251
32698
7493
13515
32122
27108
2397
28134
6464
21727
11758
26853
17020
5146
18235
11442
6142
13700
30873
16297
31629
9903
21832
6653
13552
567
31913
18710
20069
28019
14618
30258
24380
26724
14172
14677
31614
5771
7993
23206
29455
28188
2905
7866
24073
24756
22336
15838
25026
5198
9152
11113
10271
3700
7621
159
24162
260
12477
29186
2748
18202
14846
30791
8026
478
7405
3563
32687
20881
6972
3012
3941
16774
24651
27888
921
17377
10168
11316
16475
19579
21864
19192
32545
31053
22969
3767
14175
24598
28722
32560
19776
22128
2097
31264
19277
19630
21260
29321
8203
26405
22014
14282
23042
17589
24943
28363
28124
4510
19983
21262
24389
24788
15542
30575
19337
6230
29509
25368
24096
7513
19780
20352
3946
9991
21061
23671
16406
5713
9015
5162
31270
3469
17073
31853
3732
18046
14747
31741
17714
27242
4202
17594
19426
29328
21033
1593
15079
5809
23648
13283
10172
16263
18326
20665
10407
4477
13835
13360
26429
28291
26868
5264
5103
17157
6388
24586
22510
20444
10210
8389
5516
7704
24313
20070
8369
28411
21196
21017
27730
10931
2103
3936
31599
29061
24990
26990
15298
29673
27929
8153
27016
25647
27016
25229
13692
4366
26809
23680
29972
1308
11966
25782
27577
19640
28438
12943
22344
15758
20813
8031
19454
6182
9392
18416
24663
754
5726
6523
27836
14720
4118
16363
27868
6671
3033
29639
5424
17286
12427
6034
9034
25578
15658
15567
19260
32306
3400
1912
3387
13517
2640
10823
11750
3430
10455
18259
17022
6008
29356
13393
23958
12535
12257
24252
18637
16898
18149
4307
19626
16021
20388
10353
12354
22961
31308
16979
5494
8399
1931
16021
22444
3849
18877
20189
7076
11531
13712
2375
11036
25928
32378
10399
2857
27848
30303
581
11972
26353
31028
26187
26481
17948
2979
659
11045
15060
27257
19018
27713
21186
21983
20114
22985
20908
32037
18673
31473
7736
31934
9743
22141
22432
23436
26165
16553
14351
1288
23021
27386
28849
6466
20172
14038
9059
14779
21601
13834
272
25412
17883
20004
12605
18797
19713
10949
28123
20807
19510
29394
30788
25581
26888
16142
16504
12402
8169
11575
7171
15726
6876
1559
4113
24108
7429
27926
18284
4510
9754
4347
21968
1223
17048
17268
5523
32507
15863
20097
12173
25816
23588
22213
24565
22380
5846
22038
19138
3436
14075
17732
1046
23457
10106
29192
74
11109
30327
6605
6053
32455
26066
25750
15162
3304
31407
31230
8135
30231
26497
23189
641
7902
4510
7755
1922
7804
25456
21797
5834
18018
19638
23829
18074
24242
31984
226
8436
4035
23900
29860
22301
20508
6661
31501
17085
4487
27008
4255
17528
10482
11421
547
29567
11590
32474
20708
15610
30954
503
2215
5016
25843
6383
5067
12789
20021
5387
16578
7553
15506
19789
3789
29638
27543
5171
11699
26874
1659
2046
28052
8518
14612
32571
13533
8345
19839
24132
32088
15413
17633
13831
7121
26202
18986
18774
15166
5650
31414
20027
11404
14660
11910
5698
21651
10927
23379
14092
11461
24027
26057
7945
4782
3250
12579
29182
4602
28874
2395
22636
22320
12556
12751
16235
6220
10010
9106
24081
25930
25325
15723
28746
7862
31553
27407
15794
29181
10427
17077
5831
29752
5085
17402
28893
31729
10139
15395
18010
27881
18745
20543
26229
18840
9360
6274
6164
1196
26675
32016
20809
17033
20134
584
22926
5098
2486
7391
5353
773
17673
31137
28315
16799
18579
26214
26337
23179
4299
2654
9023
2327
32058
7719
15543
12082
8076
22727
9312
21763
14470
27089
18727
20239
32650
26134
13004
29999
27967
31322
14656
22104
14770
25815
3068
2503
8409
5526
13310
10162
14752
25596
18531
29266
8641
5671
3577
23172
14088
31691
29333
10923
20673
20292
1322
10128
1036
28176
24265
5099
11434
3445
8372
5285
30124
10226
14384
26807
30664
31913
23764
7283
27393
14425
25089
14076
2128
28052
12453
24961
68
30822
1152
10328
19302
15711
19478
15267
28769
4658
4322
1766
29106
5984
9456
2610
24279
31959
11540
6684
14139
9120
30088
29774
17673
2698
27957
25712
30536
13885
24447
9435
14100
4622
1894
21595
9544
14670
20381
627
19985
32150
13827
14761
15934
29488
406
19502
1353
13151
16614
25819
27940
27917
10840
2590
16602
15796
31553
674
27172
26049
8950
19654
23774
31518
6544
24055
2457
17668
7061
24456
3294
29821
15630
3743
31266
3671
7117
15447
10603
27357
27710
31992
10585
20893
20823
10312
4670
24456
26900
15057
31642
30178
25529
11704
14883
22009
3306
2024
15300
25808
13898
15723
20041
23458
31545
25961
27170
6448
18904
5695
5853
16265
23304
655
2849
18228
25168
30001
2241
18570
2013
30623
29786
26945
27178
8074
14342
17920
14211
10275
6582
13430
13603
8328
25644
5325
23613
20568
25485
22783
24230
32454
3844
25343
24587
4902
20047
22145
26779
7744
7418
27247
12422
17752
5645
24761
14215
8936
13032
10227
308
6975
24278
19860
17395
16400
25458
27945
21062
12802
12480
18258
31170
20289
21635
6508
3287
13529
19844
13423
29315
8802
21114
25818
13069
16443
26234
25968
15257
29972
1108
12160
4844
22699
17094
23659
12090
8633
5680
17651
26437
4986
15583
27275
24865
23185
2536
26989
3960
20314
17728
10698
6058
19564
32177
5269
23716
11807
6268
10645
30694
19888
27076
24289
9879
11193
11834
3590
24891
27552
24439
16105
26770
19666
4407
28245
4300
31168
18593
18350
29837
865
29143
3882
5824
20416
32218
3592
25878
12145
17720
28064
25290
28970
10980
24623
27570
31749
21130
7227
29271
17887
23712
12344
17835
29135
22440
4991
31577
4657
79
20632
21057
11715
3993
5929
11164
15719
23391
25406
200
492
25088
28786
31560
21723
32429
16040
6879
11174
14909
11078
4046
18487
13434
28575
16953
22760
26951
24286
27138
11566
21602
7282
10720
25362
19557
6834
8800
21709
28456
23918
29650
24621
13586
16338
1278
27618
29266
2203
14518
21625
4266
14401
28593
926
4918
20048
29258
24730
14376
31801
2140
25369
7539
4177
22376
8909
30665
12188
15534
26140
28324
30027
19397
808
25124
16800
32485
29832
15726
5773
9947
8750
2670
26045
3564
7179
11157
21097
606
7471
901
17640
27274
7538
24625
28528
16496
9856
9810
3692
28458
18387
28692
26693
11530
1410
19641
7088
23606
24315
16452
16322
24445
3738
19779
30186
31428
1053
15687
13562
13716
2241
24944
1263
7799
9243
5036
13209
13081
19125
13800
13813
3512
24135
18370
19701
28925
29222
18580
1178
8960
30836
2704
11005
30760
16881
19015
13199
29262
31523
27209
28611
29947
10314
19764
13201
31856
10257
32159
25030
19332
30805
14554
723
3790
10235
30552
17340
29775
32267
3559
25973
29189
25957
31661
7556
23533
23412
17074
24803
23701
21379
29008
28417
25159
15253
22349
12469
19544
15838
23451
8308
11515
10159
1870
8703
9324
13689
16346
4068
29006
23408
19461
770
7352
3362
26656
18879
17974
16268
13578
17580
14037
29992
20965
8245
388
15209
29618
22018
13045
8259
5569
29433
28365
31534
9993
19931
28889
24617
17952
3452
1886
20099
8246
30216
11836
27777
11517
16055
31361
27368
9690
15467
7330
21777
29086
26185
25044
18472
15579
3281
31917
18323
6851
10483
273
1535
22865
30664
28425
17965
15685
9073
24256
15820
17325
5665
32353
12716
18238
25163
18627
565
9378
11322
18769
8781
6192
32103
30592
31880
21539
32215
20881
1950
10451
28077
7373
3416
6300
26228
47
10750
6195
25071
12652
23063
19485
3521
11747
8314
12094
12692
27721
21829
20002
8615
28438
13892
20800
23980
18283
18003
5917
11398
14543
10397
32301
24501
1775
14181
27375
11934
2484
3092
11441
19934
17777
14339
20445
27526
18217
28969
27308
21400
16967
21655
4386
1994
4758
19728
3501
26978
17272
7275
15803
30859
28147
7895
21046
4755
5430
16473
19692
9928
19071
25515
1032
17464
22569
6353
17788
24793
23586
23034
27011
13657
7018
25960
13116
21722
29296
7512
15351
3114
18747
28697
9349
16915
2857
28165
16564
30996
8419
9979
19020
31009
28997
5180
12167
940
11001
17458
18447
21593
18192
6134
6089
16894
10435
21323
27157
17858
32113
3223
8471
31652
30131
28173
12674
31295
19069
27193
23116
16376
17474
26925
3954
17623
420
17612
19136
1886
14331
23060
27762
13187
27754
17087
11877
30535
3291
6000
24356
16733
19399
9559
11141
24495
2351
10743
10332
18298
15225
10395
1876
20666
2004
515
15121
30217
29187
9825
11166
12515
12781
31354
6335
13833
12472
5959
15981
31214
12672
19955
17344
855
30405
12955
31515
21796
28079
926
2966
15653
32138
31737
17933
15470
286
30633
3445
5893
27806
32568
15026
7983
18925
8178
24459
10665
13613
9450
9207
15911
9507
11739
9952
23634
11757
9496
29831
1089
21526
4253
26566
12826
22914
1222
503
16322
1533
20887
17647
22295
10981
16696
19383
29505
16273
1807
9177
9417
18354
871
29431
29503
11620
14933
20259
14290
25006
5210
9467
32685
15105
28588
4772
24816
25976
16395
10732
24063
11675
18881
9310
11094
16115
22494
20405
7613
7279
23257
1414
14593
3723
1917
11079
19038
28464
27207
5990
16114
12836
29806
4453
15013
22793
1317
24415
2241
24768
26333
29254
21237
22131
6459
4148
28916
13887
7282
811
13662
16987
28991
6817
16956
5195
24739
8202
2859
21671
9464
6552
1495
7945
16750
18781
7125
23471
25858
1623
16521
8865
13321
22825
9194
3253
27840
22353
5636
8317
10473
790
11076
6683
1898
19172
19968
5304
31484
16498
8084
20125
11467
20207
15508
12376
28251
11006
6656
8397
6387
32119
12078
1973
4542
31453
19149
1470
14871
27727
15547
8605
2485
20496
970
260
12290
5026
1453
18183
10823
15246
31612
7196
31409
4487
19565
3736
10971
17732
8084
16625
12625
20527
24037
7732
30969
11962
14451
16334
2505
29522
9179
4114
19645
18958
1116
19911
25844
22901
20812
22436
22899
10288
6071
7576
31495
11345
12708
16404
7536
13089
26114
12936
9173
975
12469
19061
30449
21838
2424
22396
7499
17010
21044
27810
10673
24508
19089
276
21288
32083
4186
3972
20140
7381
26374
24933
22643
4929
10563
11821
15312
23529
10310
5516
6807
20408
16550
29401
8102
23842
1753
8405
14876
10432
24986
20559
30741
22060
2502
16657
27548
32157
25264
18830
3058
20636
20892
24063
6072
15582
10087
27302
17290
14033
22867
1254
19519
21954
17130
6475
17066
21557
6598
20702
8343
20478
18049
32404
10590
30338
32646
14633
28508
11377
16460
26424
19280
691
17654
11778
4742
15787
22287
8338
23160
31999
23646
21595
24098
7116
7341
13569
4936
29982
6683
759
18261
23650
24749
15541
10640
12079
14903
8975
19012
23725
5537
12321
27384
27311
12694
9556
26223
947
6607
6609
28807
12958
10660
23094
14370
29125
30464
13860
9240
16219
9316
13344
9001
24014
6933
15441
4865
15741
25849
14824
25752
25282
26963
20136
9242
21504
28223
4093
25600
24102
12310
31175
3118
15764
17064
16078
25794
13422
20729
8255
6447
26275
3872
11114
27278
9975
23289
10015
8593
23733
6972
7902
9267
12917
9601
21520
4649
18909
29580
5545
7436
7049
29446
14186
7019
11604
794
19380
7261
23603
13904
20192
32296
9238
20548
21770
2170
6082
18861
5588
18108
26326
8652
29148
24790
4789
17414
583
3061
7815
29085
6106
431
14582
15184
2925
18498
6584
16255
26471
7472
24632
32536
16515
1444
25216
19727
20836
352
31274
3792
2710
6450
24937
27562
8647
8563
12917
17854
30716
25820
10298
31153
30563
8645
3877
22769
21443
15124
23961
32177
7394
25474
2019
817
12024
14794
15259
18946
2312
3326
13871
25055
10466
8476
28750
12168
10041
20048
31643
1839
18620
13655
26234
3101
24412
18656
4569
30010
16552
30940
14804
10432
1887
4200
9215
20244
17441
4768
20018
29381
31546
7719
21484
23090
11632
7903
29582
9555
10623
2805
27241
21233
20147
1232
2353
1234
8734
30760
6455
5721
25547
12753
12305
15812
12070
871
28770
17460
29258
4535
2582
17085
12715
22545
23075
16049
839
25500
8357
18392
28236
28634
24973
29453
2126
27001
11809
10889
11486
12853
21899
16207
655
32215
23184
21740
30198
29851
2396
479
26020
1382
3966
22097
6168
22360
31058
8687
27541
13248
9614
13321
19394
27235
4014
30980
12700
12253
32278
27039
24752
29027
15734
11289
19419
6509
32113
12839
13088
4689
15233
16387
15743
30801
9613
23852
31138
9622
18663
22882
14304
4432
20494
1108
17510
13785
29050
11120
27686
16858
24749
10745
22924
9984
5112
1944
8598
1205
2544
6964
434
23859
26891
2314
11022
10616
13656
22235
24269
1273
781
29577
10467
28708
20657
18481
9766
18142
7142
10217
27788
24627
27977
26428
15197
25020
15208
13018
16187
18901
24455
6954
3540
24960
13335
26450
26426
18322
31730
26966
10544
19426
5874
3091
20772
20741
9284
10463
2157
22182
17752
19832
13962
17047
26149
2663
4401
16960
295
13699
26774
28370
20125
25555
13363
2012
3479
18183
9444
30261
18471
4605
6670
11648
17828
16407
13089
27134
12748
18569
20404
21727
5355
32067
27281
31342
735
1085
23547
18364
10073
29137
27390
2375
20198
3614
24374
1703
23905
12640
20996
4542
29778
21058
30871
15351
28708
21986
2008
2924
26869
15893
24227
19208
31965
6863
4955
18944
23827
3737
24489
20804
22676
1262
15756
17276
11836
27442
9832
5184
1399
31970
29396
30725
8803
4748
10136
5845
12048
21661
8360
5646
4134
22799
4583
26615
18962
31955
13077
18164
28066
24967
8383
32335
13574
11653
12170
14661
3648
13067
9270
3456
26857
9636
24416
10817
21055
24799
2309
14747
3555
15177
23608
29912
13882
9787
11373
18351
22247
24535
14480
3118
19703
30840
19281
21404
23409
27712
28089
18310
26039
34
30510
2226
30544
24194
15609
14982
18967
14972
16566
32099
32072
3993
11075
21182
22954
17326
24574
13834
31629
6100
31486
18877
20713
2594
26515
29469
1596
29143
31145
19254
26189
19644
23859
20049
16741
1008
2615
21433
20595
17800
8170
23476
11844
3293
10743
21103
4768
29103
20407
9215
30032
30639
10939
29835
779
32046
25803
29009
13454
25517
11960
15318
24444
27458
18213
29446
13320
13294
30860
17652
1139
14854
32498
30630
21959
10872
12181
1219
22547
19989
22065
25743
30948
24087
29410
26397
22157
17305
7497
22098
12259
3259
27559
19061
21649
11202
24385
15733
30127
19382
14658
21055
10075
18523
28156
26013
18570
24276
24645
1579
4488
2788
696
11439
6929
13599
16006
26387
18251
19060
2516
27316
1753
14038
9401
30226
20863
8568
23586
28413
9937
7078
18549
14876
6336
7719
11993
24713
29924
16945
8286
1640
9734
21632
14089
17474
30938
18204
180
13202
29196
12304
2250
4062
19488
20461
21963
14919
7566
32673
19997
2913
18486
29123
23541
23400
16813
19333
16294
24603
10504
